201507036
2009041517
200906181
2009070231
201606241
20090513
200908181
201007204
201009145
201804182
201804023
200907242
201406021
201807179
201309242
201307106
200905272
201009062
2013062017
201605201
201507121
201501201
201708295
201807023
2012082713
201605051
201110071
201605301
201211307
201408041
2013091615
201207095
201209114
201410242
201406309
201109075
201404241
201702103
201511293
201404104
200812126
201305012
201109236
201504281
20081126
201312245
201803191
201405137
2010092416
201305238
201405226
201512022
201010191
201309171
201707041
200812132
201510211
201205223
201605236
2010081921
201609293
2017080417
201011155
201008111
201408274
201312232
201706223
200809011
201708046
2009082613
201010271
20130716
201111142
201711203
201401033
2008111912
2010081922
201503314
200811197
201112289
201306102
201808103
20120809
2016112217
201312302
2010081015
2010103014
201009153
2008120616
201701105
201201185
201506173
201505277
2015061611
201609294
201109287
201702061
201506264
2009070392
201605309
201605057
201704266
200907141
2014010421
201710061
200811307
201511262
2008111110
2010110511
201010056
201207096
20130102
20120817
201303211
2014010813
2018081459
200812129
2013071913
201603311
201605123
201311073
201604111
201306241
2016050510
20081116
201512144
200910272
201211092
2017052512
200908171
201208272
201805022
201806052
201511191
2011092212
2012071123
201306208
2009072310
2010081723
201008115
201508149
201702094
201403103
201603182
200808261
2010110210
2013082814
2013082811
2017080419
201010205
201608213
201010306
201706225
20090429
201402052
201403195
201511091
201609124
201009087
201601052
201705312
201208275
201208159
201706295
2014051311
2010110813
2013112613
201706297
2009081810
201506165
201311202
2010082615
2018031513
201505135
201307101
201611164
201008185
201408071
2014110723
201704123
201401083
20081109
200907012
201008186
201306275
20100902
201310247
201401158
201409025
201309177
201602254
201210253
2017052524
2018081414
2014070212
201509085
2016051214
201109204
2017062916
201403131
201706264
2008120620
20080520
201008301
201308261
201110251
201405193
2016050514
201403261
20111022
200807183
201606044
20101024
201807306
2009070393
201209111
20120531
2009070227
201104292
2010091019
2016061514
200811217
201602036
201109168
2010092425
201210169
2012071710
2008112333
201010204
201709147
200904301
201609122
2009072314
201804186
200905145
201603033
2016071918
2008112413
2018081461
201807058
200906305
2015063022
201403196
201606014
201601273
201708282
201307102
201706284
201605024
200904163
2010081011
201704211
201405227
201407107
200908121
2010100510
201605125
201404015
201402172
2017052522
201310245
201208131
201109285
201307014
2016051215
201504283
201112081
201608053
201009309
201109283
2013071920
2014063011
201806053
201709284
201407221
201303151
201802282
201504012
201609261
201308276
201010319
201010313
201304081
20090611
201706122
2017021016
2011092815
20111111
201306186
2018071212
201803072
20081120
201807305
201603237
2010082413
201210252
201504208
201010305
201012036
201307189
201008195
200808262
20110909
201009157
201112023
2018061115
201709258
20110828
2014092910
200811299
201302211
201504296
200811052
201406111
2009082610
2015042011
2008120631
201602033
201507122
201008201
201803083
201807162
201611111
2010081017
2018081469
201312246
2011122811
2018081417
2014010815
200907244
200812078
201010173
201306191
2008120652
2012103124
201506024
201405082
2018081423
201509081
201004232
200905263
201704121
201008308
20130121
201702099
201208233
2011111111
201407037
2008092212
201011014
201109239
201701119
2018052210
201211071
201706211
201506046
2016071511
2011112916
2017021018
2010091027
201605304
201306243
201412052
201210254
2013123017
2009072211
2017080413
201401075
201405305
201506172
2014052712
201705251
201602041
2008112710
201611246
2009070230
20080506
201705082
2017021011
2013082110
200906302
201804177
201407293
201209054
200807258
201802288
2015061819
200905137
201105026
201307184
201207177
201406024
2017053011
20121025
201008129
2018081430
201701091
201805225
2015061813
201307297
201508281
2017062213
2008072513
2010081920
201510213
201605242
201209122
201010017
201410062
201804031
201402056
201309174
2008113012
201304241
2018032812
201711202
201504226
200811143
2010081018
20130529
201508272
201803283
201306192
200906101
2009063017
201012091
2018081425
201511261
20100820
2009070216
201009304
201302262
201702107
201504284
201601292
20090202
201011148
201404291
200807255
2015062511
201711011
2013071819
20120508
200907243
2018081454
2016061515
201804187
2011122817
201108281
201310087
201403199
201508179
201511061
200910236
201405294
200906236
201207254
201606164
201309051
200808219
201306254
201407183
2010081725
2010111917
201511096
201305062
201407103
201109203
2012113019
2013052310
20120517
2016020117
201606163
201804183
201010122
201308219
201611114
201803088
201308302
201309113
201507168
201409121
201207253
2018052213
2014063013
201208276
200810011
200908267
200903269
201506175
20081201
20100824
201803131
201307251
2010082517
201708041
2010112710
201506168
201501261
200907304
20090930
201307012
201706033
201103082
200906183
201607197
201801255
201009302
201007216
201510305
2013062414
201608241
2011092810
200906309
2011111120
201807244
201606157
201410204
201808021
201302192
2017062930
201308274
2009032425
201702082
200811273
2010090316
2015081713
2010111415
2010102310
200910263
201010311
201702104
201804205
20130611
201707253
201708312
201607262
20130205
200811263
2018032822
201308161
2009041620
20130201
201710063
2015090113
201605011
200804252
201507031
2014031312
201704115
2009070365
201211309
201208172
201805141
2013062420
2014070211
201407031
201706152
20101004
201405307
2015061810
201507292
2015022511
201506269
2013091614
2009041537
201807051
201308133
2014033114
201807174
201507082
2014101611
201807173
201602044
2014010314
20080124
201111183
201709257
201606133
200909291
201406053
201007219
201605191
201607267
20090624
201711172
201306246
201807053
201010206
201706237
2015061820
201208151
201306033
2008112915
201602241
201606159
201311081
201012213
201602016
2008121517
201401092
200811157
201605233
201402061
201808144
201706226
200910278
201503254
201611236
201407035
2015062616
201708241
201605021
201605303
201010129
201404014
2013090816
201405263
20130610
201208171
201404101
201205162
201603312
200905126
201605056
201404113
201511242
201506015
20121210
201405225
201703032
2017062216
201210034
201004235
201706032
200906092
201401134
201507297
201606012
201602257
200810021
201308213
201010041
201412191
20100423
201804181
2009032423
201711021
201607195
2015061824
201805142
200808217
201205284
201007228
201410074
201507164
2018081449
20120925
2015061822
201611163
20130304
201701101
201606041
2015071616
201604204
20120830
2013090817
201308273
201306204
201401273
201006212
2011120113
201406302
201705254
201011117
201009107
201405071
201607223
201706015
201109066
201008318
201410081
201108239
20081215
2008120653
2008113022
201702236
2015061622
200907011
201309086
201307192
201603235
201301163
2010111916
201010124
201405132
20090518
20100812
201806111
201807126
201409091
201611183
201007218
201502051
201401034
201209283
2008111913
2008121417
201511092
201603291
201607199
201706052
200812151
201506255
201011146
200812115
201308296
201708049
2014063010
201707273
2018061125
201306242
201802281
2012113018
201607154
20080909
20091008
201806132
201611245
201008039
201704213
201307013
201506257
201808104
201405144
201210152
201508175
201112065
201703303
201112067
2010091028
201610121
201011199
201508031
201408072
2014062013
2008120726
201607156
201804301
201702093
2017052529
2013090819
201010065
200811137
2010111114
2013062014
2015061624
2017062929
2009102710
201108311
201207174
2017021012
201009016
201807178
201111098
2018081451
201706291
201609121
201706141
2018071213
201806115
201605126
201401081
201706084
201406231
20111001
2015063011
201309122
201507162
2010082418
201804173
201608025
200907028
20090406
201804302
201602192
2017062214
201408131
2013082818
201702095
2010081720
201511062
2010081719
201808023
201705026
201808016
201407152
2012113015
2016050226
201205222
20080501
201803287
201205081
201010318
201411045
201207172
201405195
2008121210
2010091025
201409299
2010110211
201705262
201805024
201807121
201609093
201203077
201106232
201601145
201209252
201509112
201009249
201711205
201607202
201208271
2017062919
2017062217
2018032823
201508279
201309103
201804232
201109074
200904154
201008116
201207178
201207275
200906308
2010082528
201012037
201311293
201510304
201008161
201405139
201306104
200904148
2016071910
201408271
201603034
2017020910
201309262
201804188
200811275
2017062218
201409297
201010238
201109288
201702225
2010082618
201602018
2013062423
20081207
201312241
200811054
201109234
201702106
201405202
201508266
201508122
201805082
201603233
200904162
2016112215
20090720
201705187
201506181
2018081442
200909182
20101012
20090324
201403281
2013120417
2009072317
201405081
201411072
20110623
200808268
201309111
201409293
201208153
201604201
201704203
201405012
201111237
2012071112
200812137
201008171
200811302
2013071916
200811242
201505041
201511196
200904283
201205101
201406209
201112062
2016071920
201305161
201406304
2010103114
2011092814
201304181
20100324
20120718
201504207
201707254
200812144
200803071
201008246
200812072
201803084
201311204
200907035
201806281
201704261
201203053
2010091026
201007217
201207101
2010103120
201207176
201709256
201611244
201010232
201702231
201207171
201407026
201509111
2010081010
201511232
2015081412
20110111
201609125
201604081
2011110211
2016051211
200811113
201605182
201709282
201808149
20130206
2014110712
201103233
2018032818
201805226
2013090811
20120917
201704201
201309088
20091021
201805084
2013062011
201605271
2011120218
201607155
2017062911
201604275
201805261
201403041
201803285
2016050215
201507131
201603032
201607193
20100507
201704263
201505314
201506184
2008120723
201804021
2008112414
201601151
200811183
201503255
201505146
201004233
201309034
201605127
2017021019
201212138
201009021
2010090314
201705185
201312125
201706292
2014033112
201410202
201705238
2009081817
201603031
201109224
200810024
201504142
2009063021
2008121416
201803087
201509291
201008231
201708043
201607072
2008121423
200809226
20101023
201011052
201510263
2008121426
201805227
200811101
2018081435
201412231
200907214
2008112327
201608151
201611167
201306248
201605308
2011100722
201006237
2011092110
200906251
201408043
2009042919
2017052510
2008112328
201004238
201402122
2016061512
201501075
201207271
201611242
2016020310
200909106
201710064
201609263
20120928
200808111
201806117
201606165
201511251
201504303
2009070360
201511236
2017021015
201606062
201611184
201805251
2018032813
201507181
201702109
201312191
201307187
200812136
2010120913
201509043
20100831
201511302
201308132
201008119
201510055
200803075
2008111917
2018081410
201009307
200903258
201508127
200907142
201010248
201312263
2014110521
201008178
201806012
20130218
201005214
20110223
201605129
201404071
200811203
201611241
201403198
201805228
2008112918
2011120219
20090819
201109165
2014110717
201505045
201801192
201706202
201111027
201807055
201010133
200901214
201607253
201605029
201009241
201209121
201807175
201504223
201505291
2011092817
201611065
201506259
201308215
20101020
201706014
2014030613
201708292
201604292
201606016
2014010427
201507169
20111006
201010208
2017041113
2008112512
201011273
2010091036
201008233
201504205
201308214
201702224
2008120647
2018061117
201706301
2018032816
201308221
2008110510
20101108
2010092422
2016050217
201006239
201509083
20100429
201409113
2017122919
2018081445
2013062413
2010081914
201305101
201009303
20101127
201107151
201604203
200903251
201702098
201806119
2008112617
2018081416
20110927
20130501
201710171
201112091
201406061
201005072
201507301
2008120638
2009070348
2014011415
200907024
2010121010
201309234
201104291
2010092420
201706235
201507303
2016051216
201308081
201302074
2015063023
201405222
201707242
201801127
201512024
201807301
2015061812
200909115
2013090812
200907038
201007291
201804101
2011092210
201407033
201601272
2008112326
201209281
2015031116
2010062310
2010081024
2017062914
201602015
201503253
201405277
20101208
201010207
201405011
2009032419
201802265
201708044
2014032413
2018052212
201605183
2010081722
2014022610
2010110810
201207063
201010134
201211081
2018081458
201705264
201108282
2008120629
201609082
201506013
201210175
201008273
200812027
201403114
200910239
2014010914
2009070363
201805083
201407182
201505137
201408141
200811262
201009291
2016112216
200812022
201709261
2016112410
201703302
201511248
201401146
201807134
201405064
2013062412
2014010810
2018081465
201611221
2017062210
201701116
201506164
201406027
201604206
201405052
201405297
201601142
201611012
201112093
201210173
201606156
201802261
2014011313
200805191
201404225
2009041522
200811156
20120727
2010082414
20080915
201707251
201611186
201510303
201706034
200811253
201312062
2016051219
20090512
2013062015
200811287
201106231
2017052514
201412011
200812093
20110715
201509104
201806293
201310089
201011124
20120808
20100531
20121102
2014110513
201306207
201608152
2014030624
201212101
2017062917
2011110210
201308264
201308121
201306061
2017011011
201207102
2018081421
201709141
201805252
201410132
201701266
2010081925
201506306
20130606
2011111114
201110144
201009032
2009041511
201705023
2014110713
200907309
200907272
2015082712
20081208
2010090211
201604291
2009041530
2017122920
201509281
201112027
2013071814
201611011
201406032
2013062417
2017021412
201508126
201205041
201111158
201208152
201605181
2014010222
2013090824
201011268
201308134
201212123
201111254
201803071
20100809
201011075
20091016
2011122812
20090714
201308212
2018032817
201707243
2009041614
201409294
201306172
201611188
20081212
201509013
201207062
2014030625
201108053
201408253
201506258
201306256
201109164
2008111415
201111099
2008120619
201309233
201305143
2008111926
200811124
2018081413
2015091010
201601271
2017062928
201701263
201805023
201808024
201410201
20080110
201010013
201405293
201507163
2016050213
20090715
201310088
20130710
201010304
200808113
201701261
2018031512
201308084
201111013
201706031
20090727
201511098
2014063017
201211082
201212135
201111011
201608301
2017080411
20120815
2017052517
201403219
2010122314
20120816
2016071914
201509082
201109271
201807059
2014011412
201402111
201506026
200904309
201403052
201210181
200905262
201505047
2017021024
201508174
2010091519
201504224
20120629
2017062926
2017062920
201012104
201802289
200907014
20091014
2016112213
201605252
2016061516
201410061
201504022
201303153
201509235
201601141
2008112919
200811167
201308281
2008113034
20121219
2018032811
201306203
201504305
201308271
201704214
201711012
2014010812
201210251
201112025
201010172
201508142
201508125
201010314
2012071118
201602038
2013022610
201210151
20101013
201008048
201412271
201705234
20100604
201510061
2018081424
2009070222
2015061811
201408086
2017062922
201405091
201607021
201509092
201511093
201507101
2017062215
201704116
201702108
200907231
201606301
201802284
200811198
2014110720
2017080410
2018052217
201509238
200906184
201608092
201212103
201308142
201606061
201307255
20090618
2015061610
200811056
201607142
201711201
201411202
2008113041
200907237
201011194
201306193
2010082514
201012102
201501077
201710311
20120522
201504141
201606232
2009063015
201511053
201210031
201210168
2008120712
201008164
201601202
200811229
2008043017
201405306
201112286
200907027
2016071512
20121211
2017020915
2018081446
200808216
20090929
201309181
201401201
201008193
201309102
2010081025
201009108
201012092
201005053
201009031
201605014
201607022
201706289
201507283
2009042920
201607251
201401094
2012113017
200804251
201104294
201406146
201705303
201507102
20111028
201211221
2009063022
201706238
2015061625
201003245
201206287
201506049
2014010315
201407022
201306062
201312304
201411145
200811286
201603234
2008113027
200807184
2009070369
2008120612
2010091035
201407021
201010052
201412051
201703151
200910237
201209261
201311284
201702221
2010082411
2014030612
20090430
201605241
201111025
2018081419
201401131
201511052
2010111811
201505272
201406206
201406203
201010315
201607224
201212278
201510262
2009070344
200812041
2016112412
2011111121
2013071911
2009102716
2011120223
201509223
20091002
201306252
2015062615
2009041610
201609265
201602014
20100909
2018061111
201112284
201410311
201109162
2010091515
2010091511
201010307
200811284
201109065
201508273
201101126
201401271
201607191
201510052
2008121410
201506241
2015070310
201709081
2010111810
201704215
201405292
201306247
200811228
20120806
2015081411
201509222
2016050110
201307015
2017052530
2014010814
20100910
201706231
2016112222
201806286
201706016
2015061830
201305061
2009042915
201008125
2017020911
201703271
201507314
200904302
2018081466
201706234
200904104
201803085
201803153
2008120716
201603231
201206261
200901213
201611165
201011126
201506182
201705162
201509015
201605253
201305011
201109281
201209106
201011114
201401087
201705311
2018061120
201208082
2010091510
2018081456
2014063014
201012101
20120709
201309243
201011097
2013071815
201108251
200905201
2010091010
201706222
20120911
201709253
201504011
2011091612
201011258
2014110515
201709153
201112171
201507033
201008124
200907222
201111238
201109284
2015082710
201306272
2010110811
201309022
201405261
201009151
2010111816
2017021021
